40 170
0 1
0 25
0 39
1 0
1 6
1 12
1 18
1 22
1 28
1 31
2 1
2 12
2 18
2 35
3 4
3 17
3 21
3 28
3 29
3 33
4 8
4 25
4 32
4 34
4 38
5 2
5 3
5 4
5 11
5 12
5 15
5 22
5 26
5 27
5 35
5 36
6 27
6 35
6 36
6 38
7 7
7 12
7 15
7 18
7 19
7 34
8 5
8 14
8 22
9 1
9 22
9 27
10 0
10 29
10 35
11 4
11 5
11 11
11 34
12 22
12 25
12 29
13 1
13 8
13 30
13 34
13 35
13 37
14 8
14 32
14 33
15 2
15 4
15 21
15 24
15 37
16 5
16 30
17 6
17 9
17 21
18 2
18 13
18 26
18 30
18 35
19 1
19 8
19 12
19 18
19 21
19 35
19 36
20 12
20 22
20 27
20 31
21 19
21 22
22 21
22 23
22 31
23 10
23 15
23 27
23 36
24 3
24 6
24 39
25 6
26 7
26 17
26 23
26 25
27 14
28 1
28 13
28 19
28 33
28 35
28 36
29 1
29 22
29 33
30 11
30 12
30 26
30 38
31 10
31 22
31 23
31 25
31 31
32 3
32 8
32 10
32 13
32 14
32 16
32 20
32 31
33 11
33 18
33 24
33 33
34 10
35 3
35 8
35 14
35 25
35 38
36 3
36 15
36 37
37 10
37 14
37 15
37 22
38 3
38 4
38 6
38 9
38 19
38 28
39 4
39 11
39 24
39 25
39 32
39 35
