50 228
0 3
0 27
0 32
0 39
0 43
1 3
1 18
1 30
1 36
1 38
2 5
2 13
2 19
2 27
2 32
3 25
3 26
3 49
4 7
4 18
4 39
5 5
5 9
5 17
5 26
5 42
5 46
6 14
6 16
6 18
6 19
6 28
6 35
7 13
7 38
8 7
8 10
8 11
8 18
8 23
8 28
8 34
8 35
8 37
9 11
9 22
9 30
9 38
10 7
10 23
10 29
10 46
11 34
11 36
11 39
12 0
12 4
12 6
12 8
12 19
12 40
12 48
13 2
13 12
13 25
13 26
13 29
14 16
14 23
14 25
14 26
15 31
15 37
16 2
16 36
17 2
17 25
17 40
18 1
18 21
18 35
19 34
19 44
20 10
20 12
20 15
20 19
20 28
20 30
20 43
20 45
21 9
21 15
21 16
21 19
21 22
22 1
22 3
22 16
22 22
22 27
23 2
23 35
23 41
24 14
24 26
24 37
24 41
24 46
24 48
25 34
25 38
25 46
26 0
26 23
26 46
27 10
27 22
27 26
27 29
27 41
28 10
28 17
29 1
29 11
29 17
29 19
29 29
29 30
29 32
29 36
30 18
30 26
30 31
30 38
30 45
31 9
31 11
31 12
31 33
31 41
31 48
31 49
32 9
32 11
32 14
32 21
32 27
32 30
32 44
33 4
33 18
33 34
33 43
33 45
34 16
34 19
34 32
34 35
35 11
35 28
35 38
35 45
36 4
36 15
36 17
36 18
36 24
36 33
36 46
36 49
37 7
37 28
37 38
38 25
38 28
38 43
38 48
39 11
39 23
39 34
39 45
40 6
40 45
41 3
41 32
41 36
41 37
41 46
42 17
42 23
42 41
43 0
43 6
43 11
43 21
43 25
43 34
43 39
43 41
43 42
44 1
44 12
44 15
44 46
45 22
45 29
45 31
45 48
46 18
46 22
46 23
46 27
46 34
46 42
47 14
47 31
47 33
47 37
47 46
48 1
48 7
48 22
48 38
48 39
49 9
49 26
49 37
